hammerhead 2.30103 1 198 1 7.38901 
great 1.81954 3 197 1 11.9716 199 1 18.5611 200 1 18.5611 
jumping 2 2 196 1 6.09427 197 1 11.9716 
sharks 2.30103 1 195 1 7.09684 
em 2.30103 1 194 1 16.6837 
park 2.30103 1 193 1 26.584 
tar 2.30103 1 193 1 26.584 
reef 2.30103 1 193 1 26.584 
tip 2.30103 1 193 1 26.584 
home 2.30103 1 192 1 21.1492 
versatility 2.30103 1 192 1 21.1492 
shows 2.30103 1 192 1 21.1492 
judge 2.30103 1 191 1 14.8496 
retiring 2.30103 1 191 1 14.8496 
county 2.30103 1 190 1 20.1443 
nosy 2.30103 1 188 1 11.249 
17th 2.30103 1 187 1 15.4302 
heaven 2.30103 1 186 1 15.8842 
cats 2.30103 1 186 1 15.8842 
cute 2.30103 1 186 1 15.8842 
postcards 2.30103 1 184 1 34.5222 
cat 1.39794 8 184 1 34.5222 185 1 7.24898 187 1 15.4302 188 1 11.249 189 1 7.24898 190 1 20.1443 191 1 14.8496 192 1 21.1492 
sneeze 2.30103 1 184 1 34.5222 
cutest 2.30103 1 184 1 34.5222 
brown 2.30103 1 184 1 34.5222 
jeffrey 2.30103 1 184 1 34.5222 
run 2.30103 1 183 1 23.2732 
wednesday 2.30103 1 183 1 23.2732 
shore 2.30103 1 182 1 7.38901 
beach 2.30103 1 181 1 23.2732 
dogs 2.30103 1 180 1 5.29474 
vacation 2.30103 1 179 1 21.2892 
takes 2.30103 1 179 1 21.2892 
hotel 2.30103 1 179 1 21.2892 
nelson 2.30103 1 178 1 21.4476 
katie 2.30103 1 178 1 21.4476 
black 1.81954 3 178 1 21.4476 192 1 21.1492 193 1 26.584 
melanoptera 2.30103 1 176 1 37.0632 
metriopelia 2.30103 1 176 1 37.0632 
cordillerana 2.30103 1 176 1 37.0632 
palomita 2.30103 1 176 1 37.0632 
dove 2.30103 1 176 1 37.0632 
ground 2.30103 1 176 1 37.0632 
garden 2.30103 1 175 1 17.9785 
hall 2.30103 1 175 1 17.9785 
blackwinged 2.30103 1 176 1 37.0632 
lotherton 2.30103 1 175 1 17.9785 
vociferans 2.30103 1 174 1 21.9785 
tyrannus 2.30103 1 174 1 21.9785 
humming 2.30103 1 173 1 12.6837 
allens 2.30103 1 173 1 12.6837 
birds 2.30103 1 172 1 28.568 
rarest 2.30103 1 172 1 28.568 
1 2.30103 1 172 1 28.568 
habitat 2.30103 1 172 1 28.568 
sierra 2.30103 1 171 1 12.6837 
staring 2 2 170 1 11.389 188 1 11.249 
weaver 2.30103 1 170 1 11.389 
bird 1.44716 7 168 1 12.6837 169 1 8.40015 170 1 11.389 171 1 12.6837 173 1 12.6837 174 1 21.9785 175 1 17.9785 
whip 2.30103 1 168 1 12.6837 
gt2 2.30103 1 80 1 21.5008 
boats 1.81954 3 68 1 3.31074 74 1 7.31074 75 1 17.9002 
ice 1.69897 4 11 1 11.0677 104 1 15.2781 107 1 12.8698 109 1 23.8836 
pole 2.30103 1 79 1 22.0815 
pugsley 2.30103 1 56 1 32.4279 
bmw 1.81954 3 78 1 21.5008 79 1 22.0815 80 1 21.5008 
today 2.30103 1 23 1 23.1332 
anniversary 2.30103 1 78 1 21.5008 
indianapolis 2.30103 1 77 1 31.1709 
chiefs 2.30103 1 125 1 12.5437 
portrait 2.30103 1 135 1 46.8653 
suit 2.30103 1 98 1 25.179 
choclate 2.30103 1 101 1 7.09684 
ferry 2.30103 1 73 1 23.7456 
boat 1.60206 5 70 1 18.4508 71 1 7.86134 72 1 7.86134 73 1 23.7456 76 1 7.86134 
river 2.30103 1 69 1 25.179 
walk 2.30103 1 183 1 23.2732 
boston 2 2 111 1 15.0968 139 1 9.8021 
0408 2.30103 1 67 1 35.7684 
st600 2.30103 1 51 1 17.8385 
canada 2.30103 1 67 1 35.7684 
nevadas 2.30103 1 171 1 12.6837 
house 2.30103 1 144 1 19.8842 
orcs 2.30103 1 149 1 11.249 
mufc 2.30103 1 123 1 32.4279 
base 2.30103 1 64 1 17.9002 
1950s 2.30103 1 135 1 46.8653 
tuna 2.30103 1 10 1 24.0655 
swim 2.30103 1 98 1 25.179 
pigs 2 2 144 1 19.8842 148 1 14.5895 
boating 2.30103 1 69 1 25.179 
display 2.30103 1 62 1 13.9002 
essex 2.30103 1 48 1 28.568 
thompsons 2.30103 1 59 1 45.6687 
monterey 2.30103 1 75 1 17.9002 
persian 2.30103 1 189 1 7.24898 
vintage 2.30103 1 50 1 7.24898 
men 2.30103 1 94 1 12.6837 
mark 2.30103 1 59 1 45.6687 
airplane 1.81954 3 59 1 45.6687 61 1 8.60548 63 1 13.9002 
francisco 2.30103 1 63 1 13.9002 
bison 2.30103 1 18 1 10.5895 
trafford 2.30103 1 123 1 32.4279 
rubins 2.30103 1 59 1 45.6687 
pilot 2.30103 1 44 1 17.9785 
football 1.39794 8 122 1 7.24898 123 1 32.4279 124 1 11.249 125 1 12.5437 127 1 7.24898 128 1 23.1332 129 1 23.1332 130 1 17.8385 
urban 2.30103 1 58 1 10.5895 
m3 2.30103 1 80 1 21.5008 
broadway 2.30103 1 28 1 7.24898 
pitbulls 2.30103 1 104 1 15.2781 
lewis 2.30103 1 87 1 10.5895 
snow 2.30103 1 56 1 32.4279 
team 2.30103 1 112 1 23.7023 
custom 2 2 56 1 32.4279 77 1 31.1709 
bicycles 2.30103 1 58 1 10.5895 
bike 2.30103 1 56 1 32.4279 
sinking 2.30103 1 76 1 7.86134 
maki 2.30103 1 17 1 12.1812 
rent 2.30103 1 54 1 7.24898 
bicylcle 2.30103 1 52 1 7.24898 
imageloger 2.30103 1 51 1 17.8385 
stainless 2.30103 1 59 1 45.6687 
bicycle 1.39794 8 50 1 7.24898 51 1 17.8385 52 1 7.24898 53 1 7.24898 54 1 7.24898 55 1 7.24898 56 1 32.4279 57 1 7.24898 
elephants 1.81954 3 164 1 19.195 165 1 17.9002 166 1 8.60548 
tv 2 2 13 1 22.7707 49 1 32.568 
volkswagen 1.81954 3 81 1 9.08374 84 1 19.0926 85 1 34.2627 
photos 2.30103 1 70 1 18.4508 
a330343 2.30103 1 67 1 35.7684 
1936 2.30103 1 112 1 23.7023 
lizard 2.30103 1 95 1 12.3916 
aerospatiale 2.30103 1 49 1 32.568 
ciliegino 2.30103 1 7 1 41.8627 
breaking 2.30103 1 199 1 18.5611 
tauranga 2.30103 1 43 1 12.6837 
schaeffers 2.30103 1 92 1 12.6837 
gamberi 2.30103 1 7 1 41.8627 
complete 2.30103 1 56 1 32.4279 
amy 2.30103 1 70 1 18.4508 
motorwerke 2.30103 1 82 1 31.4848 
war 2.30103 1 47 1 9.48327 
ranger 2.30103 1 45 1 16.6837 
sawasdee 2.30103 1 163 1 12.8954 
japan 2.30103 1 37 1 18.0843 
night 2.30103 1 13 1 22.7707 
kobe 2.30103 1 120 1 25.7966 
sushi 1.69897 4 13 1 22.7707 15 1 12.1812 16 1 10.8865 17 1 12.1812 
space 1.34242 9 31 1 7.49478 32 1 7.09684 33 1 10.8055 34 1 10.8055 36 1 3.49478 37 1 18.0843 38 1 3.49478 39 1 7.49478 41 1 7.49478 
making 2.30103 1 13 1 22.7707 
ready 2.30103 1 127 1 7.24898 
shuttle 1.30103 10 31 1 7.49478 33 1 10.8055 34 1 10.8055 35 1 20.8876 36 1 3.49478 37 1 18.0843 38 1 3.49478 39 1 7.49478 40 1 6.98742 41 1 7.49478 
jet 2 2 45 1 16.6837 69 1 25.179 
barbie 2.30103 1 122 1 7.24898 
baked 2.30103 1 10 1 24.0655 
van 2.30103 1 30 1 7.24898 
yankees 2.30103 1 137 1 12.3916 
farro 2.30103 1 7 1 41.8627 
olives 2.30103 1 4 1 33.8627 
wild 2.30103 1 164 1 19.195 
bell 2.30103 1 45 1 16.6837 
french 2.30103 1 65 1 14.5895 
planes 2.30103 1 65 1 14.5895 
pizza 1.39794 8 23 1 23.1332 24 1 10.5597 25 1 12.5437 26 1 7.24898 27 1 12.5437 28 1 7.24898 29 1 12.5437 30 1 7.24898 
la 2.30103 1 181 1 23.2732 
indiana 2.30103 1 77 1 31.1709 
meatball 2.30103 1 9 1 10.5895 
chard 2.30103 1 4 1 33.8627 
roll 2 2 15 1 12.1812 16 1 10.8865 
walter 2.30103 1 128 1 23.1332 
chessmasterturneddetective 2.30103 1 89 1 37.0632 
eating 1.81954 3 2 1 13.405 3 1 13.405 140 1 10.5597 
buffalo 2.30103 1 155 1 13.9002 
tarakouova 2.30103 1 1 1 20.6837 
feds 2 2 2 1 13.405 3 1 13.405 
auto 2 2 77 1 31.1709 82 1 31.4848 
n110tv 2.30103 1 49 1 32.568 
ketchup 2.30103 1 6 1 7.38901 
chessmen 2.30103 1 87 1 10.5895 
uss 2.30103 1 48 1 28.568 
coupe 2.30103 1 117 1 28.2758 
gpower 2.30103 1 80 1 21.5008 
wheels 2.30103 1 77 1 31.1709 
borango 2.30103 1 164 1 19.195 
heart 2.30103 1 23 1 23.1332 
contest 2 2 2 1 13.405 3 1 13.405 
merluzzo 2.30103 1 1 1 20.6837 
2011 2.30103 1 190 1 20.1443 
alex 2.30103 1 126 1 10.5895 
di 2 2 1 1 20.6837 7 1 41.8627 
feast 2.30103 1 157 1 12.6055 
attacking 2 2 156 1 7.31074 169 1 8.40015 
rolls 2.30103 1 14 1 15.8842 
swiss 2.30103 1 4 1 33.8627 
bikini 2.30103 1 98 1 25.179 
show 1.51851 6 77 1 31.1709 145 1 20.1443 146 1 14.8496 177 1 9.69489 190 1 20.1443 191 1 14.8496 
san 2.30103 1 63 1 13.9002 
homemade 2.30103 1 13 1 22.7707 
heading 2.30103 1 64 1 17.9002 
sofitel 2.30103 1 97 1 20.9971 
foot 2.30103 1 161 1 12.8954 
international 2.30103 1 187 1 15.4302 
plaza 2.30103 1 97 1 20.9971 
harbor 2 2 74 1 7.31074 75 1 17.9002 
waimakariri 2.30103 1 69 1 25.179 
pig 1.39794 8 140 1 10.5597 141 1 7.24898 142 1 33.7227 143 1 5.26498 145 1 20.1443 146 1 14.8496 147 1 5.26498 149 1 11.249 
salmon 2.30103 1 22 1 18.7707 
outdoor 2.30103 1 93 1 23.2503 
sea 2.30103 1 150 1 12.8954 
spaghetti 1.44716 7 1 1 20.6837 2 1 13.405 3 1 13.405 4 1 33.8627 5 1 12.6837 6 1 7.38901 7 1 41.8627 
helicopter 1.44716 7 43 1 12.6837 44 1 17.9785 45 1 16.6837 46 1 7.38901 47 1 9.48327 48 1 28.568 49 1 32.568 
onions 2.30103 1 4 1 33.8627 
refreshing 2.30103 1 15 1 12.1812 
sunken 2.30103 1 72 1 7.86134 
bristol 2.30103 1 104 1 15.2781 
chef 2.30103 1 27 1 12.5437 
plane 1.81954 3 62 1 13.9002 64 1 17.9002 66 1 13.9002 
osaka 2.30103 1 57 1 7.24898 
kalamata 2.30103 1 4 1 33.8627 
takin 2.30103 1 70 1 18.4508 
f16 2.30103 1 66 1 13.9002 
cream 2.30103 1 11 1 11.0677 
burger 2.30103 1 8 1 16.7867 
cn 2.30103 1 67 1 35.7684 
zealand 2.30103 1 73 1 23.7456 
airplanes 2.30103 1 60 1 15.8842 
wellington 2.30103 1 73 1 23.7456 
peperoncini 2.30103 1 7 1 41.8627 
tempura 2.30103 1 14 1 15.8842 
obp 2.30103 1 172 1 28.568 
view 2.30103 1 73 1 23.7456 
store 2.30103 1 37 1 18.0843 
enterprise 2 2 39 1 7.49478 41 1 7.49478 
tauplitz 2.30103 1 85 1 34.2627 
010 2.30103 1 79 1 22.0815 
afghanistan 2.30103 1 44 1 17.9785 
dancer 2.30103 1 151 1 7.60062 
kanchanaburi 2.30103 1 102 1 20.9971 
cap 2.30103 1 61 1 8.60548 
league 2 2 121 1 16.3916 135 1 46.8653 
female 2.30103 1 200 1 18.5611 
steel 2.30103 1 59 1 45.6687 
studio 2.30103 2 135 1 46.8653 
pecorino 2.30103 1 4 1 33.8627 
prosciutto 2.30103 1 29 1 12.5437 
zucchine 2.30103 1 7 1 41.8627 
world 1.44716 7 47 1 9.48327 77 1 31.1709 119 1 17.7966 120 1 25.7966 159 1 18.3004 172 1 28.568 184 1 34.5222 
tartare 2.30103 1 21 1 8.18124 
swimming 1.34242 9 95 1 12.3916 96 1 7.09684 97 1 20.9971 99 1 3.89637 100 1 9.11284 101 1 7.09684 102 1 20.9971 103 1 15.7023 195 1 7.09684 
university 2.30103 1 111 1 15.0968 
samsung 2.30103 1 51 1 17.8385 
error 2.30103 1 79 1 22.0815 
johnny 2.30103 1 138 1 16.3916 
steaks 2.30103 1 18 1 10.5895 
player 2 2 133 1 15.0968 135 1 46.8653 
tofu 2 2 16 1 10.8865 17 1 12.1812 
made 2.30103 1 23 1 23.1332 
steak 1.69897 4 19 1 11.492 20 1 8.18124 21 1 8.18124 22 1 18.7707 
american 2.30103 1 128 1 23.1332 
seychelles 2.30103 1 181 1 23.2732 
pesto 2.30103 1 26 1 7.24898 
atlantis 1.81954 3 33 1 10.8055 34 1 10.8055 35 1 20.8876 
40th 2.30103 1 78 1 21.5008 
breaded 2.30103 1 22 1 18.7707 
thailand 2.30103 1 163 1 12.8954 
kpix 2.30103 1 49 1 32.568 
dominos 2.30103 1 25 1 12.5437 
thai 2.30103 1 48 1 28.568 
stumpy 2.30103 1 159 1 18.3004 
fig 2.30103 1 29 1 12.5437 
gear 2.30103 1 35 1 20.8876 
airbus 2.30103 1 67 1 35.7684 
lodge 2.30103 1 92 1 12.6837 
perreroni 2.30103 1 24 1 10.5597 
potato 2.30103 1 10 1 24.0655 
tara 2.30103 1 167 1 18.1901 
air 2 2 67 1 35.7684 136 1 5.8021 
interisland 2.30103 1 42 1 10.5895 
truck 2.30103 1 32 1 7.09684 
sts132 2 2 33 1 10.8055 34 1 10.8055 
occhipiuverdi 2.30103 1 7 1 41.8627 
tight 2.30103 1 130 1 17.8385 
model 2 2 37 1 18.0843 98 1 25.179 
oldtrafford 2.30103 1 123 1 32.4279 
cars 1.69897 4 77 1 31.1709 79 1 22.0815 81 1 9.08374 85 1 34.2627 
fried 2.30103 1 19 1 11.492 
balagan 2.30103 1 89 1 37.0632 
checkmate 2 2 90 1 6.09427 93 1 23.2503 
aggressors 2.30103 1 66 1 13.9002 
resting 2 2 157 1 12.6055 194 1 16.6837 
sillhouette 2.30103 1 114 1 13.9833 
helicopters 2.30103 1 42 1 10.5895 
rabbit 1.69897 4 81 1 9.08374 84 1 19.0926 85 1 34.2627 178 1 21.4476 
gorge 2.30103 1 69 1 25.179 
salad 2.30103 1 10 1 24.0655 
lions 1.81954 3 155 1 13.9002 156 1 7.31074 157 1 12.6055 
zombie 2.30103 1 133 1 15.0968 
paper 2.30103 1 60 1 15.8842 
chicken 1.81954 3 8 1 16.7867 19 1 11.492 24 1 10.5597 
mushroom 2.30103 1 5 1 12.6837 
latvia 2.30103 1 113 1 12.3916 
royal 2.30103 1 48 1 28.568 
huey 2.30103 1 46 1 7.38901 
griffin 2.30103 1 82 1 31.4848 
showing 2.30103 1 129 1 23.1332 
south 2 2 118 1 15.0968 120 1 25.7966 
closes 2.30103 1 194 1 16.6837 
serving 2.30103 1 44 1 17.9785 
red 2.30103 1 152 1 10.4871 
vw 2 2 82 1 31.4848 85 1 34.2627 
gti 2.30103 1 82 1 31.4848 
uswestminster 2.30103 1 177 1 9.69489 
mkv 2.30103 1 82 1 31.4848 
roger 2.30103 1 83 1 23.4848 
pro 2.30103 1 96 1 7.09684 
uiuc 2.30103 1 144 1 19.8842 
cghkw 2.30103 1 67 1 35.7684 
rabbits 2.30103 1 83 1 23.4848 
monitor 2.30103 1 95 1 12.3916 
indoors 2.30103 1 40 1 6.98742 
toon 2.30103 1 83 1 23.4848 
spin 2.30103 1 83 1 23.4848 
local 2.30103 1 103 1 15.7023 
1980 2.30103 1 84 1 19.0926 
diesel 2.30103 1 84 1 19.0926 
fly 2.30103 1 148 1 14.5895 
family 1.81954 3 143 1 5.26498 147 1 5.26498 179 1 21.2892 
military 2 2 64 1 17.9002 65 1 14.5895 
loss 2.30103 1 93 1 23.2503 
austria 2.30103 1 85 1 34.2627 
rainbow 2.30103 1 12 1 8.18124 
t52 2.30103 1 142 1 33.7227 
chess 1.44716 7 86 1 11.389 88 1 7.38901 90 1 6.09427 91 1 11.389 92 1 12.6837 93 1 23.2503 94 1 12.6837 
bored 2.30103 1 150 1 12.8954 
rag 2.30103 1 5 1 12.6837 
king 2 2 86 1 11.389 174 1 21.9785 
olympic 1.81954 3 100 1 9.11284 109 1 23.8836 112 1 23.7023 
babyfoot 2.30103 1 117 1 28.2758 
army 2.30103 1 86 1 11.389 
smoke 2.30103 1 88 1 7.38901 
shawn 2.30103 1 89 1 37.0632 
plays 2.30103 1 89 1 37.0632 
endgames 2.30103 1 89 1 37.0632 
privada 2.30103 1 142 1 33.7227 
poor 2 2 93 1 23.2503 149 1 11.249 
resort 2.30103 1 102 1 20.9971 
square 2.30103 1 91 1 11.389 
white 1.60206 5 93 1 23.2503 178 1 21.4476 197 1 11.9716 199 1 18.5611 200 1 18.5611 
close 2.30103 1 200 1 18.5611 
car 1.51851 6 78 1 21.5008 80 1 21.5008 82 1 31.4848 83 1 23.4848 84 1 19.0926 169 1 8.40015 
usa 2.30103 1 131 1 12.3916 
pool 1.81954 3 97 1 20.9971 102 1 20.9971 103 1 15.7023 
papa 2.30103 1 53 1 7.24898 
strands 2.30103 1 135 1 46.8653 
hanoi 2.30103 1 97 1 20.9971 
goddess 2.30103 1 98 1 25.179 
cassins 2.30103 1 174 1 21.9785 
liga 2.30103 1 142 1 33.7227 
mens 2 2 100 1 9.11284 111 1 15.0968 
felix 2.30103 1 102 1 20.9971 
back 2.30103 1 145 1 20.1443 
greensborough 2.30103 1 103 1 15.7023 
39365 2.30103 1 105 1 16.3916 
hal 2.30103 1 105 1 16.3916 
lego 2 2 31 1 7.49478 133 1 15.0968 
cold 2.30103 1 107 1 12.8698 
tile 2.30103 1 109 1 23.8836 
elmo 2.30103 1 27 1 12.5437 
du 2.30103 1 117 1 28.2758 
day 1.69897 4 107 1 12.8698 114 1 13.9833 152 1 10.4871 187 1 15.4302 
island 2.30103 1 140 1 10.5597 
girl 2.30103 1 108 1 7.09684 
pendant 2.30103 1 109 1 23.8836 
college 2.30103 1 110 1 17.6863 
ou 2.30103 1 110 1 17.6863 
oakland 2.30103 1 110 1 17.6863 
interior 2.30103 1 62 1 13.9002 
indian 2 2 112 1 23.7023 160 1 6.30588 
berlin 2 2 112 1 23.7023 158 1 11.6006 
sandwich 1.69897 4 8 1 16.7867 10 1 24.0655 11 1 11.0677 12 1 8.18124 
city 2 2 91 1 11.389 105 1 16.3916 
friendly 2.30103 1 113 1 12.3916 
soccer 1.34242 9 113 1 12.3916 114 1 13.9833 115 1 7.09684 116 1 12.3916 117 1 28.2758 118 1 15.0968 119 1 17.7966 120 1 25.7966 121 1 16.3916 
chas 2.30103 1 59 1 45.6687 
china 2.30103 1 154 1 11.6006 
gmc 2.30103 1 115 1 7.09684 
finals 2.30103 1 124 1 11.249 
youthlink 2.30103 2 116 1 12.3916 
dog 1.44716 7 99 1 3.89637 177 1 9.69489 178 1 21.4476 179 1 21.2892 181 1 23.2732 182 1 7.38901 183 1 23.2732 
street 2.30103 1 116 1 12.3916 
monde 2.30103 1 117 1 28.2758 
landscape 2.30103 1 85 1 34.2627 
2010 2.30103 1 117 1 28.2758 
kiplings 2.30103 1 167 1 18.1901 
africa 2 2 118 1 15.0968 120 1 25.7966 
veggie 2.30103 1 14 1 15.8842 
scrabble 2.30103 1 109 1 23.8836 
patriots 2.30103 1 130 1 17.8385 
navy 2.30103 1 48 1 28.568 
wcup 2.30103 1 118 1 15.0968 
spain 2.30103 1 119 1 17.7966 
fans 2.30103 1 119 1 17.7966 
bricks 2.30103 1 144 1 19.8842 
bryant 2.30103 1 120 1 25.7966 
playing 2.30103 1 60 1 15.8842 
britain 2.30103 1 121 1 16.3916 
blind 2.30103 1 56 1 32.4279 
champions 2.30103 1 121 1 16.3916 
goal 2.30103 1 106 1 7.09684 
manchester 2.30103 1 123 1 32.4279 
coming 2.30103 1 145 1 20.1443 
ring 2.30103 1 145 1 20.1443 
stadium 2 2 123 1 32.4279 124 1 11.249 
morning 2.30103 1 183 1 23.2732 
as350ba 2.30103 1 49 1 32.568 
ravens 2.30103 1 125 1 12.5437 
bun 2.30103 1 8 1 16.7867 
tiger 2 2 154 1 11.6006 165 1 17.9002 
sts135 2.30103 1 35 1 20.8876 
footballer 2.30103 1 126 1 10.5895 
campthe 2.30103 1 128 1 23.1332 
digue 2.30103 1 181 1 23.2732 
cup 1.81954 3 119 1 17.7966 120 1 25.7966 159 1 18.3004 
arkady 2.30103 1 89 1 37.0632 
father 2.30103 1 128 1 23.1332 
landing 2.30103 1 35 1 20.8876 
braylon 2.30103 1 129 1 23.1332 
pack 2.30103 1 129 1 23.1332 
doyle 2.30103 1 89 1 37.0632 
ends 2.30103 1 130 1 17.8385 
eggs 2.30103 1 20 1 8.18124 
colony 2.30103 1 134 1 17.6863 
hats 2.30103 1 131 1 12.3916 
cornmeal 2.30103 1 22 1 18.7707 
baseball 1.34242 9 131 1 12.3916 132 1 17.6863 133 1 15.0968 134 1 17.6863 135 1 46.8653 136 1 5.8021 137 1 12.3916 138 1 16.3916 139 1 9.8021 
snead 2.30103 1 132 1 17.6863 
state 2.30103 2 132 1 17.6863 
cake 2.30103 1 78 1 21.5008 
delivery 2.30103 1 25 1 12.5437 
edwards 2.30103 1 129 1 23.1332 
gadsden 2.30103 1 132 1 17.6863 
hs 2.30103 1 134 1 17.6863 
freshman 2.30103 1 134 1 17.6863 
reflections 2.30103 1 71 1 7.86134 
statues 2.30103 1 94 1 12.6837 
rugby 2.30103 1 135 1 46.8653 
dakota 2.30103 1 135 1 46.8653 
match 2.30103 1 137 1 12.3916 
damon 2.30103 1 138 1 16.3916 
redsox 2 2 138 1 16.3916 139 1 9.8021 
crossing 2.30103 1 141 1 7.24898 
england 2.30103 1 123 1 32.4279 
flying 2.30103 1 142 1 33.7227 
sonoma 2.30103 1 190 1 20.1443 
love 2.30103 1 23 1 23.1332 
30 2 2 114 1 13.9833 184 1 34.5222 
drew 2.30103 1 142 1 33.7227 
parts 2.30103 1 59 1 45.6687 
5 2.30103 1 49 1 32.568 
estate 2.30103 1 142 1 33.7227 
nana 2.30103 1 185 1 7.24898 
rim 2.30103 1 55 1 7.24898 
small 2.30103 1 146 1 14.8496 
arena 2.30103 1 146 1 14.8496 
learn 2.30103 1 148 1 14.5895 
water 2.30103 1 199 1 18.5611 
north 2.30103 1 135 1 46.8653 
lion 1.51851 6 150 1 12.8954 151 1 7.60062 152 1 10.4871 153 1 12.8954 154 1 11.6006 158 1 11.6006 
personal 2.30103 1 75 1 17.9002 
con 2 2 1 1 20.6837 7 1 41.8627 
british 2.30103 1 153 1 12.8954 
hockey 1.34242 9 104 1 15.2781 105 1 16.3916 106 1 7.09684 107 1 12.8698 108 1 7.09684 109 1 23.8836 110 1 17.6863 111 1 15.0968 112 1 23.7023 
museum 2.30103 1 153 1 12.8954 
hunting 2.30103 1 155 1 13.9002 
zoo 2.30103 1 158 1 11.6006 
cheese 2.30103 1 9 1 10.5895 
elephant 1.51851 6 159 1 18.3004 160 1 6.30588 161 1 12.8954 162 1 7.60062 163 1 12.8954 167 1 18.1901 
ride 2.30103 1 43 1 12.6837 
mascot 2.30103 1 159 1 18.3004 
print 2.30103 1 161 1 12.8954 
cabrio 2.30103 1 85 1 34.2627 
seals 2.30103 1 162 1 7.60062 
springs 2.30103 1 164 1 19.195 
safari 2.30103 1 165 1 17.9002 
nancy 2.30103 1 59 1 45.6687 
india 2.30103 1 165 1 17.9002 
shark 1.44716 7 193 1 26.584 194 1 16.6837 196 1 6.09427 197 1 11.9716 198 1 7.38901 199 1 18.5611 200 1 18.5611 
mahouts 2.30103 1 166 1 8.60548 
camp 2.30103 1 167 1 18.1901 
eastern 2.30103 1 168 1 12.6837 
